1199
0 0
1 0
2 0
3 0
4 0
5 0
6 1
7 2
8 3
9 3
10 4
11 6
12 3
13 2
14 9
15 8
16 9
17 5
18 4
19 7
20 7
21 5
22 5
23 4
24 6
25 8
26 16
27 15
28 21
29 30
30 46
31 45
32 53
33 49
34 48
35 48
36 47
37 49
38 64
39 74
40 77
41 89
42 95
43 98
44 104
45 113
46 125
47 155
48 162
49 168
50 155
51 126
52 103
53 75
54 75
55 79
56 84
57 84
58 87
59 64
60 53
61 60
62 55
63 42
64 32
65 20
66 22
67 13
68 12
69 9
70 1
71 0
72 0
73 0
74 0
75 0
76 2
77 4
78 6
79 9
80 11
81 9
82 9
83 9
84 12
85 13
86 14
87 14
88 15
89 19
90 17
91 22
92 26
93 32
94 32
95 44
96 48
97 53
98 57
99 59
100 90
101 100
102 114
103 125
104 154
105 141
106 133
107 129
108 138
109 133
110 158
111 197
112 212
113 228
114 245
115 237
116 238
117 219
118 233
119 247
120 231
121 198
122 181
123 158
124 125
125 123
126 124
127 119
128 120
129 112
130 91
131 88
132 70
133 59
134 42
135 28
136 22
137 7
138 1
139 0
140 0
141 0
142 0
143 0
144 0
145 0
146 0
147 0
148 0
149 0
150 0
151 0
152 0
153 0
154 0
155 0
156 0
157 0
158 0
159 0
160 0
161 3
162 8
163 13
164 16
165 26
166 26
167 23
168 16
169 13
170 11
171 20
172 17
173 25
174 22
175 32
176 47
177 56
178 68
179 88
180 104
181 105
182 97
183 126
184 145
185 136
186 107
187 97
188 73
189 86
190 88
191 89
192 87
193 65
194 63
195 48
196 43
197 35
198 36
199 39
200 42
201 26
202 19
203 10
204 13
205 11
206 13
207 10
208 7
209 7
210 6
211 1
212 1
213 3
214 3
215 4
216 6
217 12
218 7
219 7
220 7
221 10
222 11
223 13
224 10
225 18
226 19
227 23
228 28
229 28
230 39
231 51
232 66
233 88
234 90
235 95
236 98
237 103
238 112
239 116
240 118
241 139
242 163
243 171
244 186
245 194
246 228
247 235
248 241
249 260
250 298
251 325
252 341
253 343
254 314
255 279
256 222
257 180
258 163
259 134
260 140
261 128
262 108
263 100
264 80
265 86
266 90
267 77
268 64
269 47
270 29
271 19
272 22
273 9
274 10
275 0
276 3
277 5
278 8
279 8
280 7
281 8
282 4
283 8
284 7
285 8
286 14
287 16
288 10
289 12
290 15
291 18
292 23
293 27
294 32
295 30
296 32
297 37
298 51
299 62
300 71
301 78
302 81
303 82
304 93
305 110
306 112
307 107
308 118
309 127
310 147
311 162
312 166
313 187
314 184
315 185
316 208
317 267
318 303
319 313
320 334
321 321
322 283
323 242
324 194
325 161
326 143
327 157
328 154
329 137
330 124
331 82
332 52
333 56
334 53
335 58
336 48
337 39
338 28
339 15
340 14
341 12
342 20
343 18
344 14
345 15
346 7
347 5
348 6
349 7
350 7
351 6
352 8
353 9
354 10
355 11
356 17
357 14
358 12
359 21
360 25
361 30
362 34
363 43
364 34
365 42
366 46
367 47
368 54
369 62
370 71
371 80
372 90
373 98
374 102
375 104
376 110
377 134
378 144
379 165
380 193
381 182
382 199
383 196
384 203
385 227
386 246
387 282
388 326
389 330
390 328
391 287
392 206
393 136
394 95
395 74
396 69
397 65
398 65
399 73
400 71
401 54
402 45
403 31
404 16
405 11
406 4
407 0
408 0
409 0
410 0
411 0
412 0
413 0
414 0
415 0
416 0
417 0
418 0
419 0
420 0
421 1
422 3
423 7
424 8
425 16
426 15
427 15
428 13
429 12
430 13
431 12
432 17
433 20
434 22
435 20
436 23
437 30
438 36
439 47
440 79
441 95
442 96
443 98
444 85
445 71
446 75
447 74
448 86
449 114
450 141
451 162
452 165
453 176
454 184
455 197
456 227
457 263
458 297
459 328
460 336
461 359
462 360
463 326
464 259
465 196
466 154
467 123
468 110
469 113
470 108
471 98
472 91
473 60
474 47
475 31
476 18
477 9
478 2
479 3
480 7
481 17
482 16
483 14
484 6
485 0
486 0
487 0
488 0
489 0
490 0
491 0
492 0
493 0
494 0
495 0
496 2
497 1
498 2
499 2
500 2
501 7
502 13
503 17
504 25
505 37
506 45
507 49
508 48
509 52
510 52
511 45
512 55
513 49
514 54
515 64
516 73
517 90
518 97
519 124
520 137
521 166
522 186
523 206
524 199
525 213
526 244
527 282
528 299
529 317
530 313
531 287
532 245
533 206
534 176
535 150
536 100
537 104
538 109
539 113
540 118
541 117
542 110
543 94
544 73
545 44
546 29
547 26
548 21
549 19
550 17
551 11
552 6
553 4
554 0
555 0
556 0
557 0
558 0
559 0
560 0
561 0
562 0
563 0
564 0
565 1
566 3
567 3
568 2
569 2
570 3
571 4
572 4
573 3
574 3
575 10
576 14
577 26
578 31
579 58
580 69
581 78
582 71
583 62
584 64
585 64
586 71
587 86
588 90
589 95
590 77
591 67
592 81
593 99
594 116
595 129
596 144
597 151
598 178
599 218
600 249
601 280
602 309
603 284
604 238
605 200
606 166
607 114
608 116
609 123
610 102
611 104
612 117
613 119
614 113
615 91
616 55
617 41
618 31
619 17
620 13
621 5
622 2
623 2
624 2
625 1
626 4
627 8
628 11
629 23
630 11
631 16
632 13
633 6
634 2
635 7
636 8
637 10
638 5
639 10
640 8
641 11
642 12
643 16
644 17
645 15
646 14
647 16
648 15
649 20
650 24
651 29
652 42
653 44
654 49
655 60
656 66
657 71
658 58
659 61
660 59
661 64
662 67
663 73
664 109
665 127
666 148
667 161
668 166
669 153
670 174
671 194
672 222
673 275
674 278
675 273
676 263
677 238
678 207
679 161
680 123
681 117
682 93
683 88
684 108
685 110
686 132
687 149
688 148
689 132
690 111
691 65
692 53
693 36
694 17
695 12
696 11
697 15
698 13
699 13
700 15
701 17
702 18
703 8
704 9
705 6
706 4
707 8
708 6
709 8
710 7
711 6
712 11
713 11
714 15
715 16
716 17
717 18
718 18
719 22
720 28
721 32
722 33
723 34
724 39
725 44
726 56
727 68
728 75
729 80
730 102
731 103
732 107
733 96
734 98
735 104
736 109
737 124
738 141
739 163
740 185
741 189
742 193
743 202
744 227
745 269
746 309
747 347
748 368
749 377
750 347
751 292
752 209
753 147
754 128
755 111
756 109
757 110
758 109
759 96
760 101
761 97
762 85
763 71
764 37
765 23
766 20
767 16
768 14
769 8
770 8
771 6
772 9
773 6
774 9
775 10
776 10
777 10
778 10
779 13
780 11
781 7
782 7
783 9
784 10
785 9
786 10
787 11
788 16
789 28
790 34
791 43
792 56
793 57
794 60
795 59
796 68
797 72
798 73
799 94
800 109
801 104
802 110
803 115
804 125
805 139
806 144
807 144
808 161
809 163
810 172
811 174
812 188
813 233
814 298
815 300
816 292
817 254
818 225
819 186
820 147
821 127
822 97
823 83
824 75
825 68
826 81
827 88
828 83
829 67
830 46
831 25
832 10
833 4
834 1
835 0
836 0
837 0
838 0
839 0
840 0
841 0
842 0
843 0
844 0
845 0
846 0
847 0
848 0
849 0
850 2
851 1
852 2
853 1
854 0
855 1
856 2
857 2
858 0
859 0
860 3
861 4
862 9
863 12
864 18
865 31
866 38
867 45
868 54
869 61
870 62
871 72
872 65
873 76
874 75
875 83
876 77
877 71
878 69
879 83
880 95
881 102
882 111
883 143
884 127
885 137
886 158
887 182
888 174
889 209
890 238
891 229
892 201
893 147
894 121
895 99
896 86
897 85
898 79
899 73
900 78
901 69
902 66
903 57
904 57
905 51
906 33
907 20
908 2
909 0
910 0
911 0
912 0
913 0
914 0
915 0
916 0
917 0
918 0
919 0
920 0
921 0
922 1
923 3
924 4
925 6
926 4
927 8
928 10
929 8
930 8
931 19
932 28
933 36
934 36
935 49
936 52
937 53
938 56
939 48
940 54
941 46
942 49
943 65
944 100
945 126
946 129
947 143
948 144
949 129
950 138
951 142
952 162
953 181
954 203
955 229
956 260
957 292
958 310
959 292
960 262
961 225
962 187
963 143
964 99
965 106
966 106
967 97
968 107
969 98
970 80
971 84
972 59
973 45
974 38
975 36
976 24
977 32
978 31
979 27
980 24
981 24
982 18
983 24
984 14
985 18
986 23
987 11
988 8
989 6
990 7
991 4
992 7
993 6
994 8
995 9
996 6
997 5
998 6
999 5
1000 6
1001 8
1002 11
1003 16
1004 9
1005 13
1006 17
1007 36
1008 50
1009 73
1010 97
1011 109
1012 116
1013 117
1014 106
1015 113
1016 110
1017 101
1018 118
1019 147
1020 154
1021 162
1022 185
1023 215
1024 235
1025 253
1026 262
1027 278
1028 292
1029 255
1030 190
1031 160
1032 141
1033 137
1034 124
1035 131
1036 149
1037 147
1038 123
1039 101
1040 80
1041 60
1042 41
1043 29
1044 27
1045 18
1046 13
1047 7
1048 2
1049 3
1050 3
1051 8
1052 8
1053 8
1054 10
1055 13
1056 19
1057 12
1058 13
1059 15
1060 4
1061 9
1062 10
1063 13
1064 10
1065 12
1066 11
1067 14
1068 17
1069 15
1070 21
1071 22
1072 27
1073 30
1074 33
1075 31
1076 34
1077 40
1078 53
1079 59
1080 53
1081 56
1082 55
1083 57
1084 70
1085 79
1086 88
1087 83
1088 90
1089 105
1090 130
1091 141
1092 149
1093 157
1094 189
1095 210
1096 250
1097 271
1098 272
1099 273
1100 240
1101 193
1102 149
1103 131
1104 103
1105 80
1106 77
1107 92
1108 99
1109 100
1110 79
1111 52
1112 27
1113 19
1114 10
1115 9
1116 8
1117 2
1118 2
1119 3
1120 10
1121 19
1122 20
1123 17
1124 13
1125 3
1126 0
1127 0
1128 2
1129 2
1130 2
1131 1
1132 3
1133 9
1134 5
1135 5
1136 5
1137 14
1138 11
1139 11
1140 12
1141 14
1142 17
1143 31
1144 42
1145 49
1146 63
1147 61
1148 56
1149 58
1150 68
1151 92
1152 117
1153 116
1154 121
1155 110
1156 125
1157 144
1158 152
1159 155
1160 167
1161 178
1162 211
1163 247
1164 291
1165 330
1166 340
1167 347
1168 348
1169 307
1170 272
1171 228
1172 199
1173 168
1174 140
1175 103
1176 101
1177 95
1178 88
1179 88
1180 84
1181 93
1182 99
1183 85
1184 68
1185 47
1186 29
1187 23
1188 26
1189 23
1190 18
1191 7
1192 5
1193 0
1194 0
1195 0
1196 0
1197 0
1198 0