1121
0 0
1 1
2 3
3 8
4 11
5 11
6 13
7 14
8 15
9 20
10 34
11 44
12 56
13 67
14 72
15 72
16 68
17 72
18 91
19 115
20 138
21 156
22 168
23 199
24 213
25 243
26 281
27 297
28 284
29 282
30 235
31 252
32 277
33 270
34 251
35 202
36 155
37 96
38 80
39 95
40 99
41 88
42 63
43 48
44 25
45 21
46 26
47 28
48 27
49 28
50 30
51 37
52 33
53 45
54 49
55 49
56 57
57 54
58 60
59 72
60 93
61 104
62 124
63 136
64 153
65 208
66 227
67 218
68 213
69 186
70 201
71 228
72 231
73 231
74 245
75 260
76 251
77 233
78 196
79 149
80 119
81 107
82 89
83 86
84 106
85 87
86 68
87 35
88 21
89 25
90 35
91 42
92 49
93 57
94 52
95 48
96 50
97 39
98 51
99 67
100 78
101 90
102 97
103 108
104 100
105 109
106 110
107 130
108 142
109 147
110 175
111 199
112 218
113 243
114 245
115 262
116 264
117 264
118 228
119 228
120 226
121 222
122 203
123 194
124 145
125 129
126 120
127 88
128 72
129 58
130 55
131 42
132 37
133 30
134 25
135 22
136 21
137 22
138 31
139 38
140 41
141 51
142 61
143 76
144 88
145 97
146 105
147 121
148 130
149 134
150 136
151 148
152 164
153 200
154 228
155 238
156 249
157 241
158 241
159 238
160 277
161 287
162 267
163 219
164 158
165 128
166 121
167 124
168 108
169 88
170 65
171 44
172 34
173 18
174 17
175 23
176 30
177 35
178 32
179 37
180 48
181 65
182 72
183 74
184 86
185 90
186 92
187 91
188 95
189 105
190 118
191 141
192 135
193 100
194 92
195 110
196 153
197 211
198 268
199 306
200 336
201 354
202 356
203 356
204 327
205 271
206 189
207 151
208 141
209 143
210 116
211 112
212 83
213 56
214 44
215 33
216 42
217 48
218 44
219 28
220 9
221 1
222 4
223 7
224 10
225 15
226 15
227 23
228 29
229 33
230 48
231 64
232 74
233 86
234 94
235 116
236 127
237 139
238 145
239 166
240 187
241 195
242 216
243 254
244 283
245 298
246 313
247 288
248 292
249 302
250 286
251 268
252 235
253 184
254 162
255 113
256 75
257 61
258 66
259 84
260 86
261 85
262 67
263 50
264 23
265 13
266 9
267 16
268 17
269 22
270 26
271 37
272 47
273 57
274 53
275 64
276 73
277 85
278 94
279 107
280 120
281 116
282 137
283 143
284 168
285 193
286 232
287 246
288 259
289 266
290 288
291 304
292 302
293 297
294 286
295 261
296 220
297 180
298 156
299 123
300 106
301 95
302 74
303 54
304 31
305 40
306 33
307 22
308 13
309 13
310 16
311 17
312 19
313 23
314 29
315 39
316 50
317 55
318 64
319 71
320 80
321 84
322 103
323 131
324 142
325 165
326 159
327 171
328 182
329 196
330 203
331 230
332 243
333 279
334 292
335 297
336 292
337 303
338 277
339 255
340 208
341 154
342 134
343 105
344 97
345 69
346 61
347 62
348 62
349 42
350 37
351 39
352 36
353 37
354 26
355 18
356 8
357 6
358 10
359 23
360 37
361 45
362 48
363 49
364 46
365 47
366 64
367 84
368 110
369 124
370 125
371 109
372 116
373 128
374 157
375 212
376 244
377 266
378 279
379 277
380 292
381 297
382 320
383 304
384 267
385 212
386 153
387 132
388 139
389 136
390 115
391 84
392 67
393 56
394 36
395 20
396 14
397 22
398 22
399 21
400 21
401 17
402 19
403 30
404 38
405 33
406 40
407 51
408 60
409 68
410 90
411 107
412 116
413 112
414 102
415 116
416 130
417 158
418 178
419 208
420 225
421 242
422 256
423 286
424 295
425 302
426 309
427 293
428 291
429 248
430 234
431 197
432 159
433 127
434 114
435 91
436 108
437 91
438 86
439 49
440 35
441 28
442 24
443 21
444 18
445 12
446 10
447 9
448 18
449 26
450 34
451 40
452 42
453 48
454 46
455 53
456 63
457 69
458 88
459 93
460 108
461 117
462 119
463 117
464 120
465 136
466 145
467 161
468 176
469 224
470 257
471 271
472 281
473 278
474 278
475 278
476 294
477 286
478 280
479 254
480 237
481 208
482 177
483 171
484 136
485 105
486 80
487 83
488 70
489 42
490 12
491 6
492 8
493 10
494 4
495 1
496 2
497 4
498 5
499 11
500 17
501 18
502 22
503 25
504 32
505 34
506 43
507 53
508 74
509 96
510 108
511 111
512 116
513 137
514 161
515 178
516 182
517 195
518 229
519 245
520 267
521 274
522 285
523 292
524 275
525 239
526 224
527 205
528 200
529 178
530 143
531 99
532 60
533 50
534 51
535 60
536 52
537 48
538 23
539 20
540 17
541 17
542 17
543 24
544 36
545 43
546 45
547 42
548 41
549 46
550 51
551 61
552 70
553 78
554 86
555 92
556 91
557 95
558 103
559 127
560 135
561 150
562 173
563 189
564 219
565 252
566 276
567 284
568 321
569 343
570 358
571 320
572 285
573 241
574 185
575 151
576 135
577 137
578 135
579 125
580 99
581 63
582 40
583 20
584 22
585 27
586 53
587 46
588 39
589 11
590 5
591 8
592 10
593 13
594 18
595 19
596 22
597 26
598 27
599 37
600 52
601 67
602 72
603 82
604 97
605 107
606 125
607 145
608 172
609 179
610 193
611 204
612 248
613 277
614 303
615 307
616 292
617 291
618 279
619 242
620 219
621 199
622 171
623 128
624 97
625 94
626 86
627 64
628 52
629 28
630 19
631 19
632 15
633 10
634 9
635 4
636 4
637 9
638 11
639 16
640 17
641 23
642 26
643 35
644 38
645 44
646 54
647 62
648 76
649 87
650 106
651 124
652 135
653 140
654 156
655 171
656 171
657 174
658 193
659 218
660 264
661 279
662 281
663 282
664 280
665 246
666 227
667 199
668 173
669 152
670 127
671 122
672 117
673 78
674 42
675 27
676 26
677 20
678 18
679 19
680 19
681 25
682 34
683 34
684 36
685 38
686 43
687 43
688 42
689 52
690 57
691 64
692 80
693 91
694 112
695 126
696 148
697 161
698 168
699 198
700 205
701 215
702 229
703 242
704 272
705 301
706 291
707 285
708 265
709 223
710 193
711 153
712 131
713 118
714 102
715 80
716 76
717 67
718 36
719 19
720 14
721 20
722 25
723 31
724 37
725 40
726 48
727 53
728 60
729 66
730 68
731 73
732 66
733 83
734 79
735 95
736 103
737 123
738 144
739 131
740 137
741 138
742 176
743 209
744 221
745 245
746 265
747 274
748 282
749 275
750 276
751 281
752 273
753 232
754 183
755 158
756 137
757 135
758 101
759 68
760 46
761 28
762 22
763 15
764 16
765 21
766 27
767 25
768 23
769 12
770 18
771 28
772 47
773 57
774 58
775 58
776 63
777 68
778 74
779 87
780 101
781 134
782 161
783 177
784 196
785 216
786 228
787 244
788 279
789 341
790 352
791 347
792 315
793 263
794 223
795 207
796 200
797 161
798 155
799 124
800 114
801 115
802 107
803 92
804 54
805 37
806 38
807 38
808 33
809 28
810 23
811 21
812 27
813 38
814 46
815 58
816 71
817 82
818 104
819 115
820 115
821 116
822 102
823 117
824 122
825 135
826 148
827 189
828 220
829 245
830 253
831 243
832 253
833 270
834 282
835 297
836 285
837 268
838 240
839 220
840 193
841 148
842 101
843 74
844 56
845 50
846 38
847 22
848 17
849 22
850 25
851 18
852 15
853 6
854 10
855 12
856 13
857 21
858 29
859 36
860 45
861 47
862 48
863 67
864 87
865 93
866 106
867 108
868 112
869 118
870 131
871 155
872 165
873 197
874 210
875 228
876 258
877 256
878 273
879 293
880 322
881 336
882 292
883 243
884 194
885 163
886 151
887 135
888 108
889 76
890 59
891 55
892 40
893 36
894 41
895 34
896 30
897 24
898 18
899 19
900 29
901 35
902 39
903 44
904 43
905 53
906 64
907 72
908 72
909 73
910 90
911 114
912 128
913 136
914 126
915 109
916 115
917 134
918 187
919 226
920 270
921 275
922 287
923 276
924 287
925 284
926 277
927 284
928 254
929 230
930 195
931 151
932 111
933 55
934 48
935 50
936 40
937 28
938 21
939 15
940 7
941 8
942 10
943 9
944 8
945 16
946 20
947 25
948 32
949 41
950 46
951 58
952 73
953 76
954 81
955 99
956 124
957 132
958 140
959 128
960 146
961 161
962 201
963 212
964 243
965 263
966 292
967 295
968 295
969 283
970 279
971 292
972 289
973 266
974 214
975 171
976 132
977 107
978 87
979 61
980 31
981 18
982 22
983 21
984 21
985 17
986 15
987 18
988 19
989 20
990 23
991 26
992 32
993 39
994 43
995 53
996 71
997 81
998 90
999 88
1000 86
1001 107
1002 143
1003 185
1004 198
1005 202
1006 207
1007 199
1008 213
1009 262
1010 268
1011 288
1012 281
1013 271
1014 263
1015 241
1016 213
1017 207
1018 196
1019 199
1020 190
1021 162
1022 136
1023 110
1024 61
1025 50
1026 32
1027 22
1028 13
1029 13
1030 4
1031 0
1032 4
1033 8
1034 10
1035 15
1036 19
1037 29
1038 37
1039 42
1040 45
1041 60
1042 67
1043 83
1044 95
1045 93
1046 93
1047 77
1048 98
1049 137
1050 166
1051 198
1052 205
1053 236
1054 260
1055 288
1056 268
1057 264
1058 248
1059 238
1060 256
1061 278
1062 272
1063 246
1064 176
1065 123
1066 72
1067 37
1068 45
1069 31
1070 30
1071 23
1072 17
1073 15
1074 14
1075 14
1076 14
1077 20
1078 22
1079 29
1080 37
1081 39
1082 51
1083 60
1084 75
1085 69
1086 81
1087 88
1088 102
1089 107
1090 101
1091 94
1092 119
1093 171
1094 223
1095 248
1096 245
1097 242
1098 260
1099 268
1100 283
1101 293
1102 302
1103 302
1104 267
1105 219
1106 170
1107 153
1108 129
1109 95
1110 73
1111 54
1112 62
1113 55
1114 48
1115 42
1116 33
1117 27
1118 16
1119 3
1120 5