1178
0 160
1 176
2 173
3 182
4 181
5 187
6 178
7 175
8 188
9 204
10 232
11 245
12 266
13 244
14 253
15 260
16 281
17 292
18 306
19 330
20 322
21 337
22 345
23 356
24 382
25 390
26 404
27 412
28 425
29 424
30 459
31 476
32 488
33 503
34 529
35 526
36 524
37 526
38 526
39 530
40 522
41 501
42 471
43 440
44 389
45 361
46 348
47 340
48 344
49 347
50 344
51 325
52 319
53 288
54 273
55 267
56 251
57 240
58 225
59 223
60 216
61 225
62 225
63 221
64 254
65 243
66 251
67 266
68 274
69 314
70 326
71 346
72 339
73 340
74 353
75 360
76 355
77 346
78 353
79 383
80 430
81 459
82 495
83 512
84 508
85 486
86 490
87 492
88 473
89 450
90 420
91 415
92 354
93 317
94 292
95 248
96 204
97 180
98 168
99 131
100 108
101 99
102 79
103 75
104 83
105 92
106 94
107 77
108 86
109 86
110 98
111 104
112 136
113 160
114 185
115 197
116 198
117 217
118 222
119 224
120 247
121 260
122 261
123 322
124 371
125 379
126 397
127 431
128 464
129 497
130 500
131 493
132 453
133 431
134 410
135 380
136 376
137 350
138 341
139 304
140 293
141 286
142 259
143 231
144 189
145 148
146 93
147 83
148 55
149 61
150 59
151 43
152 52
153 62
154 57
155 52
156 69
157 77
158 92
159 111
160 131
161 142
162 176
163 205
164 220
165 216
166 219
167 214
168 223
169 224
170 250
171 277
172 292
173 304
174 305
175 341
176 411
177 438
178 458
179 467
180 458
181 442
182 415
183 418
184 374
185 323
186 287
187 215
188 162
189 134
190 127
191 122
192 101
193 104
194 114
195 89
196 73
197 78
198 72
199 65
200 56
201 71
202 86
203 109
204 118
205 129
206 136
207 155
208 160
209 175
210 201
211 204
212 207
213 209
214 219
215 264
216 283
217 301
218 302
219 333
220 342
221 345
222 345
223 374
224 383
225 414
226 425
227 438
228 445
229 418
230 365
231 308
232 284
233 251
234 209
235 202
236 177
237 143
238 107
239 87
240 56
241 43
242 47
243 38
244 33
245 42
246 47
247 46
248 52
249 61
250 44
251 46
252 75
253 101
254 121
255 127
256 135
257 169
258 168
259 171
260 170
261 181
262 178
263 202
264 216
265 258
266 262
267 285
268 315
269 356
270 381
271 402
272 426
273 432
274 420
275 412
276 399
277 398
278 383
279 362
280 324
281 295
282 266
283 267
284 243
285 215
286 186
287 146
288 112
289 97
290 71
291 72
292 51
293 70
294 70
295 76
296 91
297 99
298 116
299 107
300 132
301 141
302 152
303 162
304 183
305 221
306 263
307 306
308 345
309 371
310 379
311 358
312 377
313 375
314 374
315 377
316 400
317 417
318 401
319 394
320 415
321 392
322 345
323 315
324 259
325 200
326 184
327 170
328 156
329 154
330 133
331 122
332 96
333 76
334 74
335 63
336 70
337 70
338 62
339 82
340 82
341 93
342 92
343 97
344 105
345 130
346 157
347 191
348 220
349 221
350 234
351 229
352 240
353 254
354 282
355 299
356 307
357 340
358 359
359 383
360 404
361 435
362 431
363 462
364 481
365 471
366 463
367 427
368 399
369 345
370 317
371 297
372 262
373 221
374 177
375 156
376 127
377 102
378 95
379 82
380 58
381 51
382 50
383 21
384 28
385 36
386 48
387 69
388 98
389 107
390 123
391 131
392 133
393 142
394 145
395 149
396 169
397 180
398 205
399 225
400 258
401 295
402 292
403 323
404 352
405 360
406 355
407 371
408 444
409 474
410 467
411 443
412 426
413 381
414 329
415 316
416 297
417 273
418 250
419 205
420 183
421 150
422 128
423 89
424 67
425 62
426 67
427 74
428 91
429 99
430 100
431 119
432 122
433 142
434 165
435 184
436 214
437 218
438 221
439 235
440 247
441 246
442 251
443 270
444 284
445 323
446 355
447 344
448 378
449 391
450 409
451 421
452 431
453 423
454 407
455 402
456 397
457 374
458 318
459 272
460 230
461 175
462 142
463 135
464 125
465 115
466 108
467 96
468 77
469 82
470 80
471 98
472 104
473 124
474 134
475 117
476 123
477 149
478 182
479 207
480 227
481 239
482 236
483 250
484 268
485 300
486 316
487 348
488 370
489 387
490 404
491 408
492 423
493 430
494 443
495 428
496 400
497 381
498 352
499 328
500 331
501 283
502 227
503 195
504 175
505 158
506 142
507 122
508 105
509 77
510 75
511 71
512 68
513 87
514 98
515 103
516 122
517 126
518 146
519 168
520 189
521 210
522 227
523 236
524 261
525 305
526 320
527 352
528 369
529 379
530 373
531 385
532 410
533 432
534 427
535 434
536 449
537 462
538 461
539 416
540 373
541 323
542 291
543 252
544 231
545 214
546 202
547 183
548 163
549 134
550 102
551 81
552 53
553 48
554 53
555 49
556 50
557 63
558 73
559 74
560 72
561 90
562 99
563 114
564 133
565 156
566 173
567 184
568 213
569 214
570 247
571 276
572 305
573 305
574 320
575 323
576 334
577 353
578 349
579 371
580 411
581 435
582 429
583 454
584 452
585 423
586 396
587 353
588 295
589 273
590 246
591 219
592 208
593 199
594 163
595 142
596 141
597 123
598 114
599 89
600 101
601 125
602 145
603 144
604 150
605 153
606 138
607 146
608 159
609 207
610 231
611 267
612 265
613 246
614 242
615 261
616 274
617 338
618 368
619 385
620 385
621 390
622 417
623 414
624 447
625 473
626 464
627 441
628 411
629 376
630 346
631 300
632 280
633 248
634 221
635 192
636 162
637 135
638 109
639 101
640 115
641 109
642 100
643 89
644 70
645 61
646 75
647 88
648 117
649 128
650 140
651 160
652 180
653 198
654 202
655 223
656 236
657 235
658 246
659 282
660 296
661 312
662 333
663 345
664 351
665 361
666 385
667 400
668 420
669 425
670 446
671 440
672 400
673 354
674 334
675 297
676 286
677 281
678 250
679 218
680 201
681 175
682 160
683 147
684 133
685 146
686 138
687 118
688 107
689 98
690 100
691 110
692 122
693 152
694 190
695 230
696 242
697 258
698 272
699 270
700 271
701 280
702 286
703 300
704 305
705 308
706 344
707 397
708 423
709 452
710 448
711 441
712 440
713 444
714 406
715 377
716 359
717 348
718 324
719 293
720 253
721 219
722 190
723 176
724 180
725 162
726 125
727 111
728 108
729 107
730 92
731 95
732 86
733 101
734 111
735 136
736 167
737 193
738 219
739 250
740 254
741 264
742 266
743 280
744 267
745 278
746 316
747 321
748 355
749 355
750 392
751 406
752 438
753 451
754 443
755 449
756 416
757 374
758 332
759 312
760 279
761 259
762 236
763 231
764 213
765 186
766 165
767 152
768 134
769 137
770 141
771 132
772 107
773 103
774 108
775 116
776 131
777 149
778 178
779 196
780 209
781 221
782 235
783 243
784 263
785 287
786 298
787 319
788 338
789 364
790 379
791 385
792 403
793 428
794 442
795 453
796 465
797 485
798 470
799 423
800 382
801 337
802 290
803 273
804 251
805 242
806 211
807 167
808 132
809 121
810 112
811 102
812 94
813 80
814 58
815 42
816 44
817 36
818 51
819 52
820 72
821 83
822 113
823 124
824 154
825 167
826 188
827 191
828 198
829 206
830 214
831 249
832 265
833 317
834 341
835 369
836 382
837 388
838 403
839 407
840 418
841 446
842 462
843 463
844 438
845 411
846 360
847 318
848 287
849 254
850 240
851 235
852 201
853 202
854 157
855 146
856 126
857 129
858 128
859 125
860 106
861 109
862 106
863 93
864 103
865 115
866 140
867 150
868 165
869 203
870 189
871 194
872 235
873 253
874 273
875 317
876 333
877 343
878 342
879 347
880 379
881 384
882 408
883 412
884 426
885 424
886 417
887 380
888 337
889 302
890 253
891 204
892 187
893 175
894 159
895 159
896 156
897 132
898 116
899 108
900 92
901 82
902 62
903 37
904 38
905 39
906 41
907 50
908 43
909 47
910 51
911 66
912 91
913 105
914 108
915 110
916 126
917 131
918 129
919 148
920 163
921 179
922 208
923 231
924 248
925 261
926 259
927 276
928 279
929 290
930 310
931 349
932 349
933 361
934 356
935 345
936 348
937 325
938 287
939 271
940 272
941 213
942 216
943 221
944 213
945 195
946 179
947 168
948 119
949 88
950 86
951 67
952 55
953 56
954 48
955 59
956 62
957 73
958 87
959 109
960 109
961 131
962 153
963 163
964 169
965 179
966 184
967 173
968 182
969 217
970 239
971 271
972 290
973 307
974 304
975 316
976 312
977 305
978 297
979 294
980 289
981 276
982 262
983 250
984 225
985 214
986 179
987 163
988 139
989 130
990 107
991 107
992 104
993 101
994 80
995 48
996 45
997 39
998 32
999 36
1000 34
1001 42
1002 60
1003 67
1004 68
1005 74
1006 85
1007 99
1008 108
1009 125
1010 146
1011 141
1012 138
1013 136
1014 138
1015 165
1016 185
1017 208
1018 214
1019 209
1020 226
1021 206
1022 196
1023 198
1024 195
1025 195
1026 194
1027 187
1028 188
1029 184
1030 148
1031 165
1032 172
1033 173
1034 152
1035 122
1036 89
1037 70
1038 75
1039 77
1040 64
1041 68
1042 50
1043 30
1044 26
1045 23
1046 43
1047 51
1048 65
1049 75
1050 67
1051 50
1052 52
1053 63
1054 75
1055 100
1056 105
1057 122
1058 139
1059 121
1060 119
1061 125
1062 138
1063 154
1064 157
1065 163
1066 178
1067 174
1068 188
1069 195
1070 190
1071 187
1072 190
1073 169
1074 160
1075 144
1076 120
1077 103
1078 104
1079 113
1080 121
1081 109
1082 99
1083 78
1084 52
1085 39
1086 41
1087 37
1088 23
1089 26
1090 27
1091 18
1092 20
1093 28
1094 45
1095 43
1096 46
1097 56
1098 50
1099 54
1100 63
1101 78
1102 99
1103 109
1104 112
1105 97
1106 91
1107 83
1108 87
1109 96
1110 114
1111 127
1112 142
1113 147
1114 146
1115 150
1116 142
1117 138
1118 137
1119 156
1120 152
1121 133
1122 102
1123 97
1124 84
1125 77
1126 97
1127 107
1128 88
1129 66
1130 49
1131 44
1132 28
1133 22
1134 24
1135 36
1136 35
1137 31
1138 28
1139 29
1140 28
1141 32
1142 34
1143 35
1144 36
1145 47
1146 53
1147 51
1148 71
1149 89
1150 104
1151 96
1152 96
1153 102
1154 103
1155 113
1156 98
1157 106
1158 108
1159 86
1160 84
1161 65
1162 55
1163 57
1164 64
1165 62
1166 60
1167 66
1168 53
1169 46
1170 48
1171 49
1172 39
1173 33
1174 32
1175 27
1176 28
1177 20